Datetime,Water Level (m)
2025-10-19 06:00:00,-7.001
2025-10-19 07:00:00,-7.001
2025-10-19 08:00:00,-7.001
2025-10-19 09:00:00,-7.001
2025-10-19 10:00:00,-7.001
2025-10-19 11:00:00,-7.001
2025-10-19 12:00:00,-7.001
2025-10-19 13:00:00,-7.001
2025-10-19 14:00:00,-7.001
2025-10-19 15:00:00,-7.001
2025-10-19 16:00:00,-7.001
2025-10-19 17:00:00,-7.001
2025-10-19 18:00:00,-7.001
2025-10-19 19:00:00,-7.001
2025-10-19 20:00:00,-7.001
2025-10-19 21:00:00,-7.001
2025-10-19 22:00:00,-7.001
2025-10-19 23:00:00,-7.001
2025-10-20 00:00:00,-7.001
2025-10-20 01:00:00,-7.001
2025-10-20 02:00:00,-7.001
2025-10-20 03:00:00,-7.001
2025-10-20 04:00:00,-7.001
2025-10-20 05:00:00,-7.001
2025-10-20 06:00:00,-7.001
2025-10-20 07:00:00,-7.001
2025-10-20 08:00:00,-7.001
2025-10-20 09:00:00,0.1089687
2025-10-20 10:00:00,0.122120656
2025-10-20 11:00:00,0.11769241
2025-10-20 12:00:00,0.12576698
2025-10-20 13:00:00,0.13293333
2025-10-20 14:00:00,0.14043891
2025-10-20 15:00:00,0.14741221
2025-10-20 16:00:00,0.1527256
2025-10-20 17:00:00,0.15848145
2025-10-20 18:00:00,0.15798602
2025-10-20 19:00:00,0.15695164
2025-10-20 20:00:00,0.15392442
2025-10-20 21:00:00,0.15021765
2025-10-20 22:00:00,0.1483957
2025-10-20 23:00:00,0.15249078
2025-10-21 00:00:00,0.15706028
2025-10-21 01:00:00,0.16424884
2025-10-21 02:00:00,0.173446
2025-10-21 03:00:00,0.18199402
2025-10-21 04:00:00,0.1900219
2025-10-21 05:00:00,0.19644652
2025-10-21 06:00:00,0.2000817
2025-10-21 07:00:00,0.2005052
2025-10-21 08:00:00,0.19869106
2025-10-21 09:00:00,0.19482993
2025-10-21 10:00:00,0.19278252
2025-10-21 11:00:00,0.19386347
2025-10-21 12:00:00,0.19711846
2025-10-21 13:00:00,0.2029649
2025-10-21 14:00:00,0.21024686
2025-10-21 15:00:00,0.21763977
2025-10-21 16:00:00,0.22401021
2025-10-21 17:00:00,0.22852889
2025-10-21 18:00:00,0.2307095
2025-10-21 19:00:00,0.23006977
2025-10-21 20:00:00,0.226859
2025-10-21 21:00:00,0.22232
2025-10-21 22:00:00,0.2188958
2025-10-21 23:00:00,0.21888813
2025-10-22 00:00:00,0.22228375
2025-10-22 01:00:00,0.22834384
2025-10-22 02:00:00,0.250488
2025-10-22 03:00:00,0.29548606
2025-10-22 04:00:00,0.35187724
2025-10-22 05:00:00,0.41643834
2025-10-22 06:00:00,0.4833874
2025-10-22 07:00:00,0.5478734
2025-10-22 08:00:00,0.6085385
2025-10-22 09:00:00,0.6650748
2025-10-22 10:00:00,0.71503025
2025-10-22 11:00:00,0.7624616
2025-10-22 12:00:00,0.8142142
2025-10-22 13:00:00,0.8644083
2025-10-22 14:00:00,0.9131088
2025-10-22 15:00:00,0.9594492
2025-10-22 16:00:00,1.0025969
2025-10-22 17:00:00,1.0421605
2025-10-22 18:00:00,1.0780709
2025-10-22 19:00:00,1.1103007
2025-10-22 20:00:00,1.139283
2025-10-22 21:00:00,1.1655159
2025-10-22 22:00:00,1.1897626
2025-10-22 23:00:00,1.2131239
2025-10-23 00:00:00,1.2369545
2025-10-23 01:00:00,1.2621654
2025-10-23 02:00:00,1.288685
2025-10-23 03:00:00,1.3156639
2025-10-23 04:00:00,1.3416514
2025-10-23 05:00:00,1.3651251
2025-10-23 06:00:00,1.3865025
2025-10-23 07:00:00,1.4055717
2025-10-23 08:00:00,1.4217062
2025-10-23 09:00:00,1.4355725
2025-10-23 10:00:00,1.4479446
2025-10-23 11:00:00,1.4589306
2025-10-23 12:00:00,1.4689121
2025-10-23 13:00:00,1.4785166
2025-10-23 14:00:00,1.4885377
2025-10-23 15:00:00,1.4984394
2025-10-23 16:00:00,1.5073582
2025-10-23 17:00:00,1.5147839
2025-10-23 18:00:00,1.5205909
2025-10-23 19:00:00,1.524823
2025-10-23 20:00:00,1.5275667
2025-10-23 21:00:00,1.5290366
2025-10-23 22:00:00,1.5295417
2025-10-23 23:00:00,1.5299299
2025-10-24 00:00:00,1.5314862
2025-10-24 01:00:00,1.5352515
2025-10-24 02:00:00,1.5412731
2025-10-24 03:00:00,1.5479573
2025-10-24 04:00:00,1.5563399
2025-10-24 05:00:00,1.564129
2025-10-24 06:00:00,1.5708928
2025-10-24 07:00:00,1.5763378
2025-10-24 08:00:00,1.5803136
2025-10-24 09:00:00,1.582866
2025-10-24 10:00:00,1.5841779
2025-10-24 11:00:00,1.584833
2025-10-24 12:00:00,1.5857508
2025-10-24 13:00:00,1.5880669
2025-10-24 14:00:00,1.5922909
2025-10-24 15:00:00,1.5979594
2025-10-24 16:00:00,1.6037755
2025-10-24 17:00:00,1.6090662
2025-10-24 18:00:00,1.613282
2025-10-24 19:00:00,1.6162856
2025-10-24 20:00:00,1.6180848
2025-10-24 21:00:00,1.6186359
2025-10-24 22:00:00,1.6181655
2025-10-24 23:00:00,1.6173501
2025-10-25 00:00:00,1.6172011
2025-10-25 01:00:00,1.6189501
2025-10-25 02:00:00,1.6231115
2025-10-25 03:00:00,1.6294206
2025-10-25 04:00:00,1.636697
2025-10-25 05:00:00,1.6436359
2025-10-25 06:00:00,1.6497223
